0.000000 0.000000 2.000000
0.077254 0.000000 1.987764
0.073473 0.023873 1.987764
0.062500 0.045409 1.987764
0.045409 0.062500 1.987764
0.023873 0.073473 1.987764
0.000000 0.077254 1.987764
-0.023873 0.073473 1.987764
-0.045409 0.062500 1.987764
-0.062500 0.045409 1.987764
-0.073473 0.023873 1.987764
-0.077254 0.000000 1.987764
-0.073473 -0.023873 1.987764
-0.062500 -0.045409 1.987764
-0.045409 -0.062500 1.987764
-0.023873 -0.073473 1.987764
-0.000000 -0.077254 1.987764
0.023873 -0.073473 1.987764
0.045409 -0.062500 1.987764
0.062500 -0.045409 1.987764
0.073473 -0.023873 1.987764
0.146946 0.000000 1.952254
0.139754 0.045409 1.952254
0.118882 0.086373 1.952254
0.086373 0.118882 1.952254
0.045409 0.139754 1.952254
0.000000 0.146946 1.952254
-0.045409 0.139754 1.952254
-0.086373 0.118882 1.952254
-0.118882 0.086373 1.952254
-0.139754 0.045409 1.952254
-0.146946 0.000000 1.952254
-0.139754 -0.045409 1.952254
-0.118882 -0.086373 1.952254
-0.086373 -0.118882 1.952254
-0.045409 -0.139754 1.952254
-0.000000 -0.146946 1.952254
0.045409 -0.139754 1.952254
0.086373 -0.118882 1.952254
0.118882 -0.086373 1.952254
0.139754 -0.045409 1.952254
0.202254 0.000000 1.896946
0.192355 0.062500 1.896946
0.163627 0.118882 1.896946
0.118882 0.163627 1.896946
0.062500 0.192355 1.896946
0.000000 0.202254 1.896946
-0.062500 0.192355 1.896946
-0.118882 0.163627 1.896946
-0.163627 0.118882 1.896946
-0.192355 0.062500 1.896946
-0.202254 0.000000 1.896946
-0.192355 -0.062500 1.896946
-0.163627 -0.118882 1.896946
-0.118882 -0.163627 1.896946
-0.062500 -0.192355 1.896946
-0.000000 -0.202254 1.896946
0.062500 -0.192355 1.896946
0.118882 -0.163627 1.896946
0.163627 -0.118882 1.896946
0.192355 -0.062500 1.896946
0.237764 0.000000 1.827254
0.226127 0.073473 1.827254
0.192355 0.139754 1.827254
0.139754 0.192355 1.827254
0.073473 0.226127 1.827254
0.000000 0.237764 1.827254
-0.073473 0.226127 1.827254
-0.139754 0.192355 1.827254
-0.192355 0.139754 1.827254
-0.226127 0.073473 1.827254
-0.237764 0.000000 1.827254
-0.226127 -0.073473 1.827254
-0.192355 -0.139754 1.827254
-0.139754 -0.192355 1.827254
-0.073473 -0.226127 1.827254
-0.000000 -0.237764 1.827254
0.073473 -0.226127 1.827254
0.139754 -0.192355 1.827254
0.192355 -0.139754 1.827254
0.226127 -0.073473 1.827254
0.250000 0.000000 1.750000
0.237764 0.077254 1.750000
0.202254 0.146946 1.750000
0.146946 0.202254 1.750000
0.077254 0.237764 1.750000
0.000000 0.250000 1.750000
-0.077254 0.237764 1.750000
-0.146946 0.202254 1.750000
-0.202254 0.146946 1.750000
-0.237764 0.077254 1.750000
-0.250000 0.000000 1.750000
-0.237764 -0.077254 1.750000
-0.202254 -0.146946 1.750000
-0.146946 -0.202254 1.750000
-0.077254 -0.237764 1.750000
-0.000000 -0.250000 1.750000
0.077254 -0.237764 1.750000
0.146946 -0.202254 1.750000
0.202254 -0.146946 1.750000
0.237764 -0.077254 1.750000
0.237764 0.000000 1.672746
0.226127 0.073473 1.672746
0.192355 0.139754 1.672746
0.139754 0.192355 1.672746
0.073473 0.226127 1.672746
0.000000 0.237764 1.672746
-0.073473 0.226127 1.672746
-0.139754 0.192355 1.672746
-0.192355 0.139754 1.672746
-0.226127 0.073473 1.672746
-0.237764 0.000000 1.672746
-0.226127 -0.073473 1.672746
-0.192355 -0.139754 1.672746
-0.139754 -0.192355 1.672746
-0.073473 -0.226127 1.672746
-0.000000 -0.237764 1.672746
0.073473 -0.226127 1.672746
0.139754 -0.192355 1.672746
0.192355 -0.139754 1.672746
0.226127 -0.073473 1.672746
0.202254 0.000000 1.603054
0.192355 0.062500 1.603054
0.163627 0.118882 1.603054
0.118882 0.163627 1.603054
0.062500 0.192355 1.603054
0.000000 0.202254 1.603054
-0.062500 0.192355 1.603054
-0.118882 0.163627 1.603054
-0.163627 0.118882 1.603054
-0.192355 0.062500 1.603054
-0.202254 0.000000 1.603054
-0.192355 -0.062500 1.603054
-0.163627 -0.118882 1.603054
-0.118882 -0.163627 1.603054
-0.062500 -0.192355 1.603054
-0.000000 -0.202254 1.603054
0.062500 -0.192355 1.603054
0.118882 -0.163627 1.603054
0.163627 -0.118882 1.603054
0.192355 -0.062500 1.603054
0.146946 0.000000 1.547746
0.139754 0.045409 1.547746
0.118882 0.086373 1.547746
0.086373 0.118882 1.547746
0.045409 0.139754 1.547746
0.000000 0.146946 1.547746
-0.045409 0.139754 1.547746
-0.086373 0.118882 1.547746
-0.118882 0.086373 1.547746
-0.139754 0.045409 1.547746
-0.146946 0.000000 1.547746
-0.139754 -0.045409 1.547746
-0.118882 -0.086373 1.547746
-0.086373 -0.118882 1.547746
-0.045409 -0.139754 1.547746
-0.000000 -0.146946 1.547746
0.045409 -0.139754 1.547746
0.086373 -0.118882 1.547746
0.118882 -0.086373 1.547746
0.139754 -0.045409 1.547746
0.077254 0.000000 1.512236
0.073473 0.023873 1.512236
0.062500 0.045409 1.512236
0.045409 0.062500 1.512236
0.023873 0.073473 1.512236
0.000000 0.077254 1.512236
-0.023873 0.073473 1.512236
-0.045409 0.062500 1.512236
-0.062500 0.045409 1.512236
-0.073473 0.023873 1.512236
-0.077254 0.000000 1.512236
-0.073473 -0.023873 1.512236
-0.062500 -0.045409 1.512236
-0.045409 -0.062500 1.512236
-0.023873 -0.073473 1.512236
-0.000000 -0.077254 1.512236
0.023873 -0.073473 1.512236
0.045409 -0.062500 1.512236
0.062500 -0.045409 1.512236
0.073473 -0.023873 1.512236
0.200000 0.000000 1.512236
0.190211 0.061803 1.512236
0.161803 0.117557 1.512236
0.117557 0.161803 1.512236
0.061803 0.190211 1.512236
0.000000 0.200000 1.512236
-0.061803 0.190211 1.512236
-0.117557 0.161803 1.512236
-0.161803 0.117557 1.512236
-0.190211 0.061803 1.512236
-0.200000 0.000000 1.512236
-0.190211 -0.061803 1.512236
-0.161803 -0.117557 1.512236
-0.117557 -0.161803 1.512236
-0.061803 -0.190211 1.512236
-0.000000 -0.200000 1.512236
0.061803 -0.190211 1.512236
0.117557 -0.161803 1.512236
0.161803 -0.117557 1.512236
0.190211 -0.061803 1.512236
0.250000 0.000000 1.443618
0.237764 0.077254 1.443618
0.202254 0.146946 1.443618
0.146946 0.202254 1.443618
0.077254 0.237764 1.443618
0.000000 0.250000 1.443618
-0.077254 0.237764 1.443618
-0.146946 0.202254 1.443618
-0.202254 0.146946 1.443618
-0.237764 0.077254 1.443618
-0.250000 0.000000 1.443618
-0.237764 -0.077254 1.443618
-0.202254 -0.146946 1.443618
-0.146946 -0.202254 1.443618
-0.077254 -0.237764 1.443618
-0.000000 -0.250000 1.443618
0.077254 -0.237764 1.443618
0.146946 -0.202254 1.443618
0.202254 -0.146946 1.443618
0.237764 -0.077254 1.443618
0.200000 0.000000 1.375000
0.190211 0.061803 1.375000
0.161803 0.117557 1.375000
0.117557 0.161803 1.375000
0.061803 0.190211 1.375000
0.000000 0.200000 1.375000
-0.061803 0.190211 1.375000
-0.117557 0.161803 1.375000
-0.161803 0.117557 1.375000
-0.190211 0.061803 1.375000
-0.200000 0.000000 1.375000
-0.190211 -0.061803 1.375000
-0.161803 -0.117557 1.375000
-0.117557 -0.161803 1.375000
-0.061803 -0.190211 1.375000
-0.000000 -0.200000 1.375000
0.061803 -0.190211 1.375000
0.117557 -0.161803 1.375000
0.161803 -0.117557 1.375000
0.190211 -0.061803 1.375000
0.077254 0.000000 1.375000
0.073473 0.023873 1.375000
0.062500 0.045409 1.375000
0.045409 0.062500 1.375000
0.023873 0.073473 1.375000
0.000000 0.077254 1.375000
-0.023873 0.073473 1.375000
-0.045409 0.062500 1.375000
-0.062500 0.045409 1.375000
-0.073473 0.023873 1.375000
-0.077254 0.000000 1.375000
-0.073473 -0.023873 1.375000
-0.062500 -0.045409 1.375000
-0.045409 -0.062500 1.375000
-0.023873 -0.073473 1.375000
-0.000000 -0.077254 1.375000
0.023873 -0.073473 1.375000
0.045409 -0.062500 1.375000
0.062500 -0.045409 1.375000
0.073473 -0.023873 1.375000
0.250000 0.000000 0.750000
0.237764 0.077254 0.750000
0.202254 0.146946 0.750000
0.146946 0.202254 0.750000
0.077254 0.237764 0.750000
0.000000 0.250000 0.750000
-0.077254 0.237764 0.750000
-0.146946 0.202254 0.750000
-0.202254 0.146946 0.750000
-0.237764 0.077254 0.750000
-0.250000 0.000000 0.750000
-0.237764 -0.077254 0.750000
-0.202254 -0.146946 0.750000
-0.146946 -0.202254 0.750000
-0.077254 -0.237764 0.750000
-0.000000 -0.250000 0.750000
0.077254 -0.237764 0.750000
0.146946 -0.202254 0.750000
0.202254 -0.146946 0.750000
0.237764 -0.077254 0.750000
0.281250 0.000000 0.625000
0.267485 0.086911 0.625000
0.227536 0.165315 0.625000
0.165315 0.227536 0.625000
0.086911 0.267485 0.625000
0.000000 0.281250 0.625000
-0.086911 0.267485 0.625000
-0.165315 0.227536 0.625000
-0.227536 0.165315 0.625000
-0.267485 0.086911 0.625000
-0.281250 0.000000 0.625000
-0.267485 -0.086911 0.625000
-0.227536 -0.165315 0.625000
-0.165315 -0.227536 0.625000
-0.086911 -0.267485 0.625000
-0.000000 -0.281250 0.625000
0.086911 -0.267485 0.625000
0.165315 -0.227536 0.625000
0.227536 -0.165315 0.625000
0.267485 -0.086911 0.625000
0.343750 0.000000 0.500000
0.326926 0.106225 0.500000
0.278100 0.202051 0.500000
0.202051 0.278100 0.500000
0.106225 0.326926 0.500000
0.000000 0.343750 0.500000
-0.106225 0.326926 0.500000
-0.202051 0.278100 0.500000
-0.278100 0.202051 0.500000
-0.326926 0.106225 0.500000
-0.343750 0.000000 0.500000
-0.326926 -0.106225 0.500000
-0.278100 -0.202051 0.500000
-0.202051 -0.278100 0.500000
-0.106225 -0.326926 0.500000
-0.000000 -0.343750 0.500000
0.106225 -0.326926 0.500000
0.202051 -0.278100 0.500000
0.278100 -0.202051 0.500000
0.326926 -0.106225 0.500000
0.375000 0.000000 0.437500
0.356646 0.115881 0.437500
0.303381 0.220419 0.437500
0.220419 0.303381 0.437500
0.115881 0.356646 0.437500
0.000000 0.375000 0.437500
-0.115881 0.356646 0.437500
-0.220419 0.303381 0.437500
-0.303381 0.220419 0.437500
-0.356646 0.115881 0.437500
-0.375000 0.000000 0.437500
-0.356646 -0.115881 0.437500
-0.303381 -0.220419 0.437500
-0.220419 -0.303381 0.437500
-0.115881 -0.356646 0.437500
-0.000000 -0.375000 0.437500
0.115881 -0.356646 0.437500
0.220419 -0.303381 0.437500
0.303381 -0.220419 0.437500
0.356646 -0.115881 0.437500
0.458333 0.000000 0.333333
0.435901 0.141633 0.333333
0.370799 0.269401 0.333333
0.269401 0.370799 0.333333
0.141633 0.435901 0.333333
0.000000 0.458333 0.333333
-0.141633 0.435901 0.333333
-0.269401 0.370799 0.333333
-0.370799 0.269401 0.333333
-0.435901 0.141633 0.333333
-0.458333 0.000000 0.333333
-0.435901 -0.141633 0.333333
-0.370799 -0.269401 0.333333
-0.269401 -0.370799 0.333333
-0.141633 -0.435901 0.333333
-0.000000 -0.458333 0.333333
0.141633 -0.435901 0.333333
0.269401 -0.370799 0.333333
0.370799 -0.269401 0.333333
0.435901 -0.141633 0.333333
0.500000 0.000000 0.250000
0.475528 0.154508 0.250000
0.404508 0.293893 0.250000
0.293893 0.404508 0.250000
0.154508 0.475528 0.250000
0.000000 0.500000 0.250000
-0.154508 0.475528 0.250000
-0.293893 0.404508 0.250000
-0.404508 0.293893 0.250000
-0.475528 0.154508 0.250000
-0.500000 0.000000 0.250000
-0.475528 -0.154508 0.250000
-0.404508 -0.293893 0.250000
-0.293893 -0.404508 0.250000
-0.154508 -0.475528 0.250000
-0.000000 -0.500000 0.250000
0.154508 -0.475528 0.250000
0.293893 -0.404508 0.250000
0.404508 -0.293893 0.250000
0.475528 -0.154508 0.250000
0.500000 0.000000 0.000000
0.475528 0.154508 0.000000
0.404508 0.293893 0.000000
0.293893 0.404508 0.000000
0.154508 0.475528 0.000000
0.000000 0.500000 0.000000
-0.154508 0.475528 0.000000
-0.293893 0.404508 0.000000
-0.404508 0.293893 0.000000
-0.475528 0.154508 0.000000
-0.500000 0.000000 0.000000
-0.475528 -0.154508 0.000000
-0.404508 -0.293893 0.000000
-0.293893 -0.404508 0.000000
-0.154508 -0.475528 0.000000
-0.000000 -0.500000 0.000000
0.154508 -0.475528 0.000000
0.293893 -0.404508 0.000000
0.404508 -0.293893 0.000000
0.475528 -0.154508 0.000000
0.500000 0.000000 0.000000
0.475528 0.154508 0.000000
0.404508 0.293893 0.000000
0.293893 0.404508 0.000000
0.154508 0.475528 0.000000
0.000000 0.500000 0.000000
-0.154508 0.475528 0.000000
-0.293893 0.404508 0.000000
-0.404508 0.293893 0.000000
-0.475528 0.154508 0.000000
-0.500000 0.000000 0.000000
-0.475528 -0.154508 0.000000
-0.404508 -0.293893 0.000000
-0.293893 -0.404508 0.000000
-0.154508 -0.475528 0.000000
-0.000000 -0.500000 0.000000
0.154508 -0.475528 0.000000
0.293893 -0.404508 0.000000
0.404508 -0.293893 0.000000
0.475528 -0.154508 0.000000
0.000000 0.000000 0.000000
